237
90
107
108
84
69
20
158
238
118
187
187
109
161
187
180
60
106
40
162
198
216
16
218
244
97
75
105
172
180
84
5
90
32
242
72
99
2
42
165
172
208
64
187
165
15
34
68
3
70
252
97
2
134
152
96
228
7
4
228
7
136
70
130
24
140
26
108
3
34
250
3
131
20
2
209
132
167
40
104
128
38
98
80
84
234
158
118
14
123
246
116
238
221
221
150
77
6
51
95
184
187
189
119
94
231
59
207
153
203
138
36
33
68
111
8
240
13
72
119
132
62
234
230
46
107
108
14
86
7
155
154
130
205
19
199
215
5
90
219
26
131
205
21
165
249
133
161
127
147
11
39
23
228
79
42
40
40
156
56
190
186
99
69
123
71
107
160
162
57
208
209
222
90
191
98
226
248
103
59
22
175
104
108
168
13
172
158
31
92
30
104
174
40
41
41
42
42
43
12
76
158
212
48
169
164
164
164
184
192
5
139
100
246
205
157
63
45
16
108
10
180
183
174
206
159
218
26
104
73
14
61
119
175
234
95
38
181
190
181
97
89
227
170
64
241
146
38
111
176
37
208
220
220
209
186
184
45
121
73
125
123
61
116
242
120
60
14
144
208
247
152
16
69
161
239
119
127
244
164
123
157
161
63
50
224
99
127
153
16
142
219
107
29
98
87
89
63
155
191
123
29
34
75
50
171
62
20
236
153
176
211
243
204
214
51
187
78
124
245
221
132
210
220
59
31
150
255
19
106
15
202
190
69
98
157
168
172
202
236
191
241
141
9
125
128
184
48
219
65
49
112
182
108
255
222
23
230
164
157
244
119
222
17
190
215
147
30
238
169
121
96
245
104
152
237
13
217
238
115
200
63
28
242
138
68
207
148
1
143
250
159
119
242
39
116
236
154
223
219
158
78
59
91
90
57
112
190
112
27
222
215
13
219
244
106
239
90
199
58
188
215
142
204
147
187
175
173
217
145
61
174
143
12
23
30
239
177
207
250
165
71
30
215
154
12
181
12
23
158
19
190
120
253
101
183
214
100
168
101
248
51
62
174
96
125
222
108
45
201
160
21
14
63
184
224
181
17
37
181
74
55
195
54
188
159
247
91
214
15
90
146
65
80
203
112
225
241
30
251
244
110
153
245
169
150
100
84
150
225
194
243
24
186
246
245
202
189
90
146
65
168
178
25
39
131
125
171
62
201
61
164
37
25
180
66
215
134
212
17
233
115
231
41
221
12
219
240
254
145
141
53
151
180
36
131
160
150
225
194
227
253
93
75
101
77
249
72
75
50
42
203
112
225
121
12
53
116
159
74
215
146
12
66
149
205
56
25
236
91
94
179
189
74
75
50
104
133
126
129
23
40
221
12
219
240
254
192
205
9
199
180
36
131
24
104
153
176
240
120
143
125
130
213
251
202
181
36
163
178
12
23
158
199
208
75
45
51
238
159
58
195
133
231
110
215
121
244
196
115
90
147
249
95
156
103
98
217
104
226
125
250
204
169
7
179
55
76
169
220
114
101
250
97
45
201
168
234
12
23
30
251
227
253
252
227
139
188
90
146
81
37
0
46
60
31
119
192
81
209
173
37
25
132
137
25
221
200
152
152
97
49
243
208
204
171
39
225
101
90
32
85
10
152
78
24
30
139
131
225
102
100
232
188
135
12
17
52
144
150
28
191
54
101
233
155
185
93
99
230
20
191
61
227
221
130
46
236
179
105
212
237
154
189
69
143
86
242
231
5
227
242
202
84
230
211
134
28
221
38
88
145
224
207
113
140
175
106
83
169
214
228
236
44
135
36
172
200
57
23
46
232
208
154
28
181
156
149
91
90
145
254
60
231
236
23
90
146
83
229
251
104
110
121
229
143
156
186
237
191
228
85
226
243
149
31
191
115
70
75
114
8
85
204
113
18
252
57
142
185
181
223
213
165
37
185
88
44
199
99
142
147
155
218
115
126
179
150
228
84
149
219
202
114
24
115
252
121
247
197
27
43
181
36
135
80
37
148
104
228
112
204
243
55
106
103
105
73
46
22
203
33
9
43
114
231
183
111
121
66
75
114
170
61
88
52
203
241
44
90
126
37
199
127
223
146
227
150
227
137
198
187
103
249
66
74
174
252
206
43
1
216
112
30
77
145
2
167
16
198
217
73
3
25
143
254
102
209
180
75
132
241
7
185
111
125
9
140
47
88
49
78
244
9
14
153
37
139
248
171
126
188
251
187
11
174
61
21
42
215
208
70
81
170
154
163
82
84
188
196
227
45
202
63
103
110
156
174
181
162
84
89
208
78
81
177
18
143
183
76
20
103
190
56
95
107
69
217
157
106
85
161
23
43
241
120
67
181
101
236
205
177
42
69
253
43
6
42
234
220
201
211
179
167
93
237
246
119
94
238
87
84
219
233
51
183
64
81
71
100
187
223
106
113
123
5
13
181
253
238
243
187
36
248
139
27
254
154
192
170
125
198
245
245
202
183
83
247
68
25
145
191
87
72
156
50
228
58
93
209
200
70
107
31
243
84
106
196
79
15
188
239
125
150
7
37
237
125
25
66
62
143
108
176
178
186
147
124
167
18
17
97
188
85
162
116
146
62
201
100
140
221
38
223
41
251
67
159
20
50
198
169
144
141
142
113
200
62
105
100
140
93
110
114
202
118
87
232
114
147
49
46
197
24
186
142
75
202
229
37
99
82
132
117
104
59
229
252
30
166
55
183
98
12
93
199
35
215
160
124
106
207
221
28
14
70
107
148
138
237
123
241
165
2
245
2
84
102
223
0
155
190
73
178
47
5
10
132
115
56
100
31
55
159
68
68
158
3
120
62
197
53
208
80
120
101
241
73
88
95
39
107
163
81
71
141
62
204
70
30
48
50
58
31
175
252
232
152
14
249
237
87
200
129
125
193
240
46
155
53
92
114
30
248
78
19
3
129
125
193
89
208
177
85
59
17
156
7
250
140
180
145
7
108
128
118
224
133
58
89
142
135
121
192
145
70
144
121
120
95
143
236
99
37
171
91
206
3
206
152
97
195
203
43
194
65
193
215
112
145
121
32
8
70
217
200
147
42
194
129
194
235
42
234
13
230
1
223
207
36
243
240
190
96
131
52
139
54
144
5
253
103
120
232
26
109
51
207
236
141
245
237
125
65
39
131
173
239
167
155
28
60
237
98
32
161
99
217
129
143
141
21
60
96
105
176
210
160
71
167
178
131
213
207
239
162
129
7
59
61
123
96
112
170
178
185
10
131
213
3
79
20
52
139
210
10
228
16
3
19
10
199
96
245
128
73
134
7
105
178
136
172
126
232
15
60
209
10
197
216
120
101
224
9
10
185
184
68
184
210
161
12
46
11
25
248
216
120
101
192
228
198
185
164
136
112
98
163
254
144
8
61
208
196
8
224
69
140
198
7
250
167
21
6
171
7
76
170
60
185
129
92
152
156
133
8
251
131
234
127
91
249
216
120
101
160
9
25
128
92
60
114
125
212
17
45
58
86
24
172
30
48
153
115
46
94
185
62
250
33
250
67
34
244
64
11
1
128
198
5
198
6
245
135
68
232
33
93
94
188
184
128
110
104
94
68
127
80
229
41
62
54
94
25
134
137
200
141
18
205
147
130
172
137
254
96
151
43
7
171
135
225
242
82
21
107
220
41
83
127
72
132
30
50
68
228
70
134
198
133
91
132
243
18
250
67
34
244
224
19
145
155
241
104
251
7
187
61
68
172
117
243
68
78
241
182
131
127
94
238
197
111
216
236
250
69
108
53
203
37
212
50
196
155
171
185
12
176
49
133
43
150
60
153
98
33
67
188
249
129
203
0
155
72
184
98
137
77
60
53
114
196
235
147
92
6
56
8
209
195
16
221
71
209
156
132
254
96
183
159
27
172
63
192
97
99
164
80
215
110
186
135
196
191
85
50
12
213
31
224
96
0
151
170
94
208
147
58
250
131
74
134
161
250
3
28
6
224
82
229
40
60
56
160
12
248
70
128
99
168
254
176
245
167
239
151
194
161
227
91
217
238
67
71
68
231
83
109
96
48
104
209
65
176
200
211
13
15
180
225
171
5
112
240
52
54
23
180
67
161
130
66
1
137
58
67
182
59
201
220
144
184
32
113
64
224
102
146
117
49
73
128
35
131
35
141
146
138
76
146
109
191
110
203
242
3
169
191
164
188
126
36
165
218
129
37
177
11
65
119
144
180
82
163
34
120
198
166
217
140
238
188
113
231
97
229
201
137
194
209
221
167
118
70
251
57
16
127
31
4
74
75
141
152
101
231
142
67
251
212
79
129
83
214
14
247
57
250
178
79
245
58
194
192
192
192
192
192
192
192
192
192
192
192
192
192
192
192
192
192
192
192
192
192
192
192
192
192
192
192
192
192
192
192
192
192
192
192
192
192
192
192
192
192
192
192
192
192
192
192
192
192
192
192
192
192
192
192
192
224
63